        //beacon
		
		byte bpattern[][] = {{1, 1, 0, 0},
                             {1, 1, 0, 0},
                             {0, 0, 1, 1},
                             {0, 0, 1, 1}};

// oscillator

        byte bpattern[][] = {
                {0,0,0,0,0,0,1,1,0,0,0,0},
                {0,0,0,0,0,0,1,1,0,0,0,0},
                {0,0,0,0,0,0,0,0,0,0,0,0},
                {0,0,0,0,1,1,1,1,0,0,0,0},
                {1,1,0,1,0,0,0,0,1,0,0,0},
                {1,1,0,1,1,0,0,0,1,0,0,0},
                {0,0,0,1,0,1,1,0,1,0,1,1},
                {0,0,0,1,0,0,0,0,1,0,1,1},
                {0,0,0,0,1,1,1,1,0,0,0,0},
                {0,0,0,0,0,0,0,0,0,0,0,0},
                {0,0,0,0,1,1,0,0,0,0,0,0},
                {0,0,0,0,1,1,0,0,0,0,0,0}};

//wild

        byte bpattern[][] = {
                {0,0,0,0,0,0,1,0,0,1,1,0},
                {0,0,0,0,0,0,1,1,0,0,0,0},
                {0,0,0,0,0,0,0,0,0,0,0,0},
                {0,0,0,1,1,1,0,1,0,0,0,0},
                {0,1,0,1,0,0,0,0,0,0,0,0},
                {1,1,0,0,1,0,0,0,1,0,0,0},
                {0,0,0,1,0,1,1,0,1,0,1,1},
                {0,0,0,1,0,0,0,0,1,0,1,0},
                {0,0,0,0,1,1,1,1,0,0,0,0},
                {0,0,0,0,0,1,0,0,0,1,0,0},
                {0,0,0,0,1,1,0,0,0,1,0,0},
                {0,0,0,0,0,1,0,0,0,1,0,0}};
							


//flowers

        byte bpattern[][] = {
                {0,0,0,0,0,0,1,0,0,0,0,0},
                {0,0,0,0,0,0,0,1,0,0,0,0},
                {0,0,0,0,0,0,0,0,1,0,0,0},
                {0,0,0,0,1,1,1,1,0,0,0,0},
                {1,1,0,1,0,0,0,0,1,0,0,0},
                {1,1,0,1,1,0,0,0,1,0,0,0},
                {0,0,0,1,0,1,1,0,1,0,1,1},
                {0,1,0,1,0,0,0,0,1,0,1,1},
                {0,1,0,0,1,1,1,1,0,0,0,0},
                {1,0,1,0,0,0,0,0,0,0,0,0},
                {0,1,0,0,1,1,0,0,0,0,0,0},
                {0,0,0,0,1,1,0,0,0,0,0,0}}; 
							 
					
//hearts
	        {0,0,0,0,0,0,1,1,0,0,0,0,1,0,1,0,0,0,0},
                {0,0,0,0,0,0,1,1,0,0,0,0,1,0,0,1,1,0,0},
                {0,0,0,0,0,0,0,0,0,0,0,0,0,1,0,0,0,1,0},
                {0,0,0,0,1,1,1,1,0,0,0,0,0,0,1,0,0,0,1},
                {1,1,0,1,0,0,0,0,1,0,0,0,0,0,0,1,0,1,0},
                {1,1,0,1,1,0,0,0,1,0,0,0,1,0,0,0,1,0,0},
                {0,0,0,1,0,1,1,0,1,0,1,1,0,0,0,0,0,1,0},
                {0,0,0,1,0,0,0,0,1,0,1,1,0,0,0,0,1,0,0},
                {0,0,0,0,1,1,1,1,0,0,0,0,1,0,1,0,0,0,0},
                {0,0,0,0,0,0,0,0,0,0,0,0,1,0,1,0,0,0,0},
                {0,0,0,0,1,1,0,0,0,0,0,0,0,0,0,0,0,0,0},
                {0,0,0,0,1,1,0,0,0,0,0,0,0,0,0,0,0,0,0},
                {0,0,0,0,0,0,0,0,0,1,0,0,1,0,0,0,0,0,0},
                {0,0,0,0,0,0,0,0,1,0,1,1,0,1,0,0,0,0,0},
                {1,0,1,0,0,0,0,0,0,1,0,0,1,0,0,0,0,0,0},
                {0,1,0,0,0,0,0,0,1,0,1,1,0,1,0,0,0,0,0},
                {0,1,1,0,0,0,0,0,0,1,0,0,1,0,0,0,1,1,0},
                {1,0,0,0,0,0,0,0,0,0,0,0,0,0,0,0,1,1,0},
                {0,0,0,0,0,0,0,0,0,0,0,0,0,0,0,0,0,0,0}};		 